[-609.3028127314029, 1176.436039901557, 282.9606249472569]
[250.57921240599939, 1089.386103520434, 267.31932775202597]
[250.62634610276643, 1091.0015348272345, 262.6337442114388]
[250.66570441746882, 1099.9052414247813, 257.9187146705528]
[250.67109463513253, 1100.7169179876348, 253.1622318066612]
[250.50593051148678, 1099.0934562448008, 248.35568210940883]
[250.57567829014948, 1084.5533564116565, 243.49047201201478]
[-419.97303643947237, 850.1974458130696, 160.77269487947524]
[250.55702027064484, 1066.1559716313714, 232.67270053211814]
[250.54463690276935, 1090.9990380665922, 227.11911784125198]
[250.55457806561145, 1132.697288796638, 220.15323904467647]
[250.55752056151022, 1114.5819056036198, 213.648935814062]
[250.61426914285795, 1095.042546587324, 206.90392541855635]
[250.53758680682387, 1074.127518495729, 199.72906205075364]
[250.6301353147672, 1140.15451987697, 191.45273077615656]
[250.47121776682917, 1100.7174046586963, 185.0878973239163]
[250.44464296258076, 1061.3757563655606, 177.14964780180514]
[250.5708649172766, 1111.3087209695589, 169.79969580015296]
[250.4455841020988, 1058.205348199268, 161.44211035368951]
[250.36119991789298, 1093.4191625766148, 154.15814631033336]
[250.55868118681116, 1129.388600336154, 145.23117942480712]
[250.3502655748058, 1070.9148924248748, 137.54684085853114]
[250.43227961200557, 1103.156880682372, 129.6034791124088]
[250.3066870152113, 1100.717805267112, 120.81751843425951]
[-399.3688182522627, -164.1667720912381, 251.3249222552743]
[-1924.9634027484176, -877.4924021474857, 261.82111907849213]
[-399.4041231187532, -165.37930195830023, 237.4244460755865]
[-399.47618754779467, -178.8764989669612, 231.03973746287065]
[-1702.2480352595778, -781.993380628492, 122.33012808902205]
[-1924.3595648476442, -489.96873614964295, 306.29651892975005]
[-1299.4257799286052, -716.5564385036538, 260.78733185316173]
[-1299.4137299466604, -659.3806335500219, 259.04137835094826]
[-1299.5314431969448, -732.3468267393855, 257.4139968104854]
[-1299.3733491721935, -684.2940373657195, 255.37027170750906]
[-1925.038781745387, -937.0694421805068, 271.7475061251318]
[-1299.5249174505961, -722.0536060504965, 251.80492229239152]
[-1299.4519421783693, -685.4499006018489, 249.76910020566814]
[-1924.654313738323, -499.6887895950887, 246.72996025290342]
[-1299.5345824500296, -738.7568038911522, 246.03338565149397]
[-1299.4790914455155, -711.5778660050831, 243.96964999574996]
[-1299.4542448589355, -688.9218531069413, 241.84952578266964]
[-1299.430630955829, -668.3898189881588, 239.6195554247576]
[-1299.4210657910385, -652.0750309420399, 237.27036543529601]
[-1925.271412129266, -912.5458259888952, 197.70080162336689]
[-1299.4583408644014, -742.4482423197655, 233.25994499759827]
[-1299.526026128101, -737.1594496717212, 231.03189346689487]
[-1299.5293143321521, -734.4907025733602, 228.75009868054173]
[-1299.5163909073563, -733.9532943808364, 226.4115575849193]
[-1299.464479210291, -735.0147333897041, 224.01846674937764]
[-1299.569790553579, -742.4707571579136, 221.42442406226928]
[-1993.3550568365395, -936.5316446250091, 121.34018611197058]
[-1299.3892452418154, -665.4069210166657, 216.19849359452593]
[-1299.5212226294066, -686.0253407977518, 214.0381556751997]
[-1299.463465857206, -709.9069679702803, 211.55853492809754]
[-1299.5559629073418, -737.164742218796, 208.4175125380073]
[-1299.4213002250472, -664.8020008409464, 205.34169748321983]
[-1299.4575330377415, -708.2320482370337, 203.2462331702752]
[-1636.5534541972775, -833.7319840284878, 120.8558881354846]
[-1299.5509976825956, -699.2209467731127, 197.31138148719458]
[-1575.6515623802802, -816.4406780329472, 120.77905246607801]
[-1299.5873440878765, -708.7962103332768, 191.10797115720106]
[-1299.521380074343, -668.3761650814683, 187.06020716917254]
[-1299.6055394978125, -739.3010515725947, 183.70683055239687]
[-1299.5079786704398, -717.114083236144, 181.05779466290727]
[-1299.4827284388168, -698.0852311337604, 177.6658930574876]
[-1299.5710219387274, -683.114654532455, 173.7134366165588]
[-1299.4881364622488, -672.5439052509643, 169.56452829519162]
[-1299.523399865315, -667.7788021618778, 165.43125338373528]
[-1299.4932664730795, -666.5877549889366, 161.42169158946345]
[-1299.4662754599985, -668.9807806886565, 157.561009200798]
[-1299.4881375442635, -678.4425981431544, 153.97616512142076]
[-1299.615079380657, -690.6433957104052, 150.17655179246995]
[-1299.62681696822, -707.6789798077383, 145.97938874272853]
[-1299.658866522183, -729.6735272654361, 140.67242248287124]
[-1299.4993620210391, -667.7824871238173, 135.37326351981577]
[-1299.5977759096381, -703.1821554552108, 132.1095858078807]
[-1299.597648127512, -658.1325740792003, 124.37367969810924]
[-1299.7235601952673, -730.76162157445, 120.63218038126898]
[-1924.3483524349442, 584.3827568693412, 459.98333039201833]
[-1925.0415922484415, 478.9484807938144, 427.8619220355556]
[250.68315945963928, 1055.4234061534107, 268.7465892462478]
[250.5667698637062, 1090.7271534150157, 265.8434714466523]
[250.71515392206902, 1134.5198195840762, 263.18333367096994]
[-1925.1990121747315, 621.9728773232384, 331.34995443350226]
[250.69571175737116, 1068.5168472242342, 258.1384515618141]
[250.65713176956092, 1082.365791211828, 255.28381669369304]
[250.70944182772388, 1091.299666419164, 252.42113811232917]
[250.60008279120348, 1097.0469088098876, 249.52984629462773]
[250.63920141993088, 1097.6296043178065, 246.60475514439767]
[250.51891731978856, 1094.15336608985, 243.63841487605262]
[250.56105316022058, 1088.4679131699952, 240.6337113531224]
[250.46503501795922, 1083.4531763220514, 237.5777098486105]
[250.55887613533912, 1074.7987871057321, 234.46253209938212]
[250.59482639299245, 1061.3629388476663, 231.2231223166109]
[-419.60314775487905, 902.9698623609237, 167.6101359331456]
[250.72992843090174, 1120.1513356129692, 224.39096971290718]
[250.55145033838062, 1084.009994526189, 221.1588694200838]
[250.52975539686952, 1051.5111493056143, 217.3939760717054]
[250.5707798188032, 1117.6307819092488, 213.86879033762898]
[250.4710316161063, 1076.9276926376745, 210.41401495430534]
[250.73301214411572, 1139.2538548854848, 206.03070877595795]
[250.55842117071904, 1082.3594072125495, 202.90213679395757]
[250.7081176752609, 1127.894297899108, 198.53309169626797]
[250.50344948505892, 1061.3499934802928, 194.63171541599073]
[250.4579571277111, 1094.1520596025218, 190.82913021753902]
[250.5419454043993, 1127.2571430979829, 186.1168515442751]
[250.4507643399129, 1054.407192492057, 181.72068162056854]
[250.51117610842175, 1073.7330575203262, 177.8060947923916]
[250.37967117867845, 1085.1074928470618, 173.3666304385424]
[250.52192558016947, 1089.029183763443, 168.75327392621665]
[250.56850404555286, 1093.006810846546, 164.0234205456841]
[250.53400381242545, 1096.4650347799607, 159.16902585686387]
[250.41941857076193, 1097.0449525289807, 154.1821680535342]
[250.51659436893203, 1091.8628688782326, 149.14342276589537]
[250.35927488145688, 1079.0751078535882, 143.68798085634097]
[250.39352736325998, 1064.8812477431245, 137.8701450901509]
[250.5294928256955, 1141.3399220756228, 131.2999219055119]
[250.51850820288172, 1126.606863331344, 126.65249684348701]
[250.4465590009869, 1101.7445814134414, 121.69576611652627]
[263.8343930794471, 1138.017717496212, 120.47263705198344]
[273.86283797161593, 1118.4412292427219, 120.41767599455687]
[286.08677443767743, 1106.204604657132, 120.35868091911951]
[306.2360753802901, 1123.7819955655768, 120.34490491317734]
[-1299.786934252148, -711.39762780243, 270.4035439787441]
[-1299.7690631840064, -738.9526823501039, 169.81402332859676]
[-1924.37881038077, -540.2141245638156, 328.13397740099896]
[-1299.4980526130432, -746.0213293942388, 265.7456573659163]
[-1299.3408146028937, -732.5336334238294, 259.07852819007877]
[-1299.4184282681545, -691.1600439972816, 252.4716289427743]
[-1299.3707604159204, -654.2376534632469, 245.88710407735354]
[-1299.5286844232892, -736.7384187296278, 240.071226115284]
[-1299.3189713804877, -720.9451071617664, 233.4690572799303]
[-1299.39070827484, -695.1170929738413, 226.83914859224106]
[-1299.4699976864326, -676.3126684528683, 220.06385837533057]
[-1299.3239497957272, -664.0590257193206, 213.2035490598418]
[-1299.49139424153, -664.0389132339009, 206.38490617382647]
[-1299.357028341653, -669.3961231034796, 199.66759757830076]
[-1299.2943612813406, -675.5539592372844, 192.93388433466504]
[-1299.452614295371, -681.7482407767744, 186.1274585013077]
[-1299.3961444436682, -689.5841222434001, 179.3355619210061]
[-1299.5494698458601, -710.352496049381, 172.38669818004965]
[-1299.6537529285474, -736.7537640697061, 164.84927503112075]
[-1299.5253468180651, -665.55768613235, 157.05727751464855]
[-1299.5948516552958, -690.3655969892444, 150.56183653040836]
[-1299.6594660840726, -714.4202758142857, 143.4233007809152]
[-1299.6436841713098, -737.592504044317, 135.6014938981675]
[-1299.4723788342756, -713.5972109270843, 128.4074579693808]
[-1291.307544838488, -703.7909847267381, 120.43106498572118]
[-727.4207892867688, 1010.6501081968048, 258.4237303414937]
[-704.8286478917657, 1010.6380103074724, 251.09625956286075]
[-699.4793007485109, 1010.6188656022275, 246.29852480331138]
[-419.4346962382788, 903.816931458014, 239.85233048597547]
[-419.48840716409006, 852.0249133234786, 238.24900073499867]
[-419.3959315882187, 879.6978280878858, 236.24746690025538]
[-419.3522042193375, 904.1793707608365, 234.17738993712572]
[-781.2588142923281, 1010.7978391748943, 221.8900722072831]
[-419.4903827584493, 868.6449853626764, 230.50847886300622]
[-746.3604764315683, 1010.7472985832813, 212.92032371146604]
[-419.4086681711119, 894.5483741840429, 226.63369346809355]
[-419.48395845973613, 859.7966813746997, 224.9692191116285]
[-419.37039492988004, 913.6745660916546, 222.4975982257859]
[-419.4295793542451, 866.8160784566963, 221.0464531209558]
[-419.4831653423271, 883.1077008607973, 218.77629266038053]
[-419.3790700127297, 889.7278374170786, 216.46856016794885]
[-419.49023235353917, 895.7429486196316, 214.08179738236333]
[-419.40367296220484, 907.1645529669412, 211.54324549253772]
[-419.4802109237115, 841.3502884021972, 209.79218013600413]
[-419.35887520498113, 919.9482418005722, 206.84740713180994]
[-419.457965341486, 909.7383980669648, 205.1680541241749]
[-419.4410529806147, 897.6945297795136, 203.48552905264273]
[-419.5304040517927, 883.11062179564, 201.7131143299287]
[-419.54541466048, 865.4302124807651, 199.76814318860224]
[-419.53858479074745, 843.4197053744144, 197.43776012945617]
[-772.615821158273, 1004.1445293544912, 120.85580297948263]
[-419.4305397951564, 901.5448286198948, 192.6345269102042]
[-419.45498079507115, 880.9848417139084, 190.95517241902138]
[-419.51347556313385, 855.4604944827149, 188.75925804566936]
[-419.545684661727, 826.1919995448549, 185.62857139609252]
[-419.42096525471294, 904.1904643525704, 183.31142612729002]
[-419.5315933764656, 873.589981781389, 181.75569569110093]
[-419.53211493104925, 834.4452070104256, 178.70402047210428]
[-419.52646705762595, 898.094803808205, 176.1411497143282]
[-419.5663811127454, 855.9433125057134, 174.21728399154307]
[-419.45451661704067, 909.7377514936072, 170.30763762279258]
[-419.5560416397932, 865.8924757181676, 169.04630187368795]
[-419.46819247765177, 911.1888274779402, 164.73419803006504]
[-419.6062687330227, 863.0993229725523, 163.54751671992554]
[-419.51818261380834, 902.6977221422138, 159.60366577627184]
[-419.54872864995275, 845.4751066484911, 157.45867563092878]
[-419.5815803154351, 881.4178120794292, 154.66632206176183]
[-419.47742465587055, 909.7420463358937, 150.07923936726854]
[-419.6026940154178, 845.9799602738956, 148.32750889268914]
[-419.59992834269303, 873.5911387813602, 145.53943465847723]
[-419.50205072915867, 896.1377198794793, 141.46992833869544]
[-419.4704778412023, 910.4665283670686, 136.9594166980135]
[-419.6135927140128, 833.3494422852972, 134.35937893762764]
[-419.6840501518921, 844.4330369592059, 131.50207616968135]
[-419.5876847543832, 850.0247368701264, 128.1981750326254]
[-419.63538520870543, 845.9762580983581, 124.23684546691084]
[-418.6406061011595, 837.2635513886485, 120.3536208918451]
[-408.3774050331077, 820.3705535778649, 120.32719742607995]
[-406.0145519980364, 886.9521565080689, 120.28550287555537]
[-400.5055933145135, 863.7207435338413, 120.2729535449571]
[-390.94934533899647, 832.5844716993606, 120.26973058276843]
[-387.7973825768037, 876.7833020424436, 120.30986667041239]
[-380.44136484924786, 842.315107018577, 120.25628607263786]
[-376.34535942917614, 876.0066952934827, 120.28237702429652]
[-367.16140840850653, 832.3015107526076, 120.2785432565873]
[-364.1448871587418, 846.1058373302592, 120.24552317739905]
[-358.7418959010517, 846.1701668335364, 120.21594026538897]
[-353.2438872829429, 844.8172571935633, 120.25731500049321]
[-347.5794660447663, 841.0599591560697, 120.20532259997982]
[-344.71197960095776, 860.9049748223664, 120.23347647486273]
[-338.90705990847715, 876.0141099050867, 120.24570124005149]
[-330.31275110205297, 879.7715124424886, 120.24174778480585]
[-1922.2436793949298, 437.05479763983226, 126.56226602224334]
[350.41379849391177, -674.2693487138682, 211.12988120473796]
[350.52158730389397, -605.2561576357948, 204.791401329896]
[350.4743119753058, -632.6752245338126, 202.5558232691143]
[350.3797124104196, -671.3026615418758, 198.0373539571484]
[350.401687392899, -629.2096645592272, 192.94719338741388]
[350.3359716492621, -683.2295027075979, 187.48400754016518]
[350.3643248239023, -653.6095359263292, 183.59867859722294]
[350.349500580023, -633.8204041395862, 177.67421923865223]
[350.4318829443405, -625.1878304049304, 171.4524934026138]
[350.4396772105753, -620.6033712756542, 165.13387973507167]
[350.4107350863695, -624.0374299742535, 159.3062918204897]
[350.463310136018, -644.8474387217316, 154.1726713070701]
[350.33200340897156, -672.495220819549, 146.73627117080994]
[350.46781402482964, -634.9851600305764, 139.69365962198233]
[350.2744522917236, -682.6404754344119, 130.9308512581423]
[350.33331363351556, -667.7500608771803, 124.23052872745302]
[350.22925158801286, -656.5474210716637, 116.16916340328203]
[350.24820955526536, -654.7849082272061, 107.35378310920439]
[350.16536100920706, -674.2978412791948, 96.68426399075665]
[350.22642527618996, -651.2677982840977, 87.28230073857748]
[350.2656039602232, -638.4470233960425, 74.2934500195924]
[353.7929547527301, -654.7048187908083, 65.36698383900654]
[366.7403366828872, -667.4673087679581, 65.36112684128875]
[377.9928134748136, -680.971633265998, 65.3050664967804]
[387.91140707258523, -664.1123051951278, 65.23312063602447]
[-609.8687759954219, 1119.2510496720674, 285.03546358225964]
[250.5768380756332, 1105.3702214500736, 270.27224261674485]
[250.51785308772756, 1103.0331763162897, 267.0659867730237]
[250.5904148999606, 1114.5593013001164, 263.8209515889076]
[250.56656495779998, 1120.1770154497592, 260.5403352622196]
[250.5199966366662, 1109.4244755910079, 257.31100402763764]
[250.54070695268507, 1065.8820401383855, 253.8116790159754]
[250.5251280509113, 1107.6933714840359, 250.04835575310457]
[250.59951726129069, 1138.5690903217235, 245.673182217288]
[250.47370874856708, 1061.928003122371, 242.26189152509107]
[250.5084479189881, 1087.4239318246537, 238.5734209286306]
[250.51507156586632, 1108.8486805169778, 234.50086719069574]
[250.55443876775354, 1121.289840446252, 230.22605622593886]
[250.57813956361665, 1130.0465468317668, 225.85746505775867]
[250.5165629810905, 1132.2077512834626, 221.55265552487052]
[250.5209316271271, 1133.2784882021285, 217.25040532573448]
[250.5539096801076, 1132.202748039751, 212.99212090839157]
[250.5294793713513, 1130.052629843706, 208.7259376401256]
[250.47616343744602, 1127.8908705776973, 204.41961476919997]
[250.51910358515704, 1124.6062229507947, 200.1462146058721]
[250.4834750861558, 1115.69715890083, 195.95484518912804]
[250.3962390848215, 1100.678686149328, 191.65232727840035]
[250.3872267882364, 1083.7095090545222, 186.96289873717532]
[250.3424094167426, 1059.2514983919564, 181.2920027224239]
[250.55245061129375, 1131.1281605649972, 176.56832844583178]
[250.57388942458573, 1108.2696659356404, 172.74685034300245]
[250.41603336877893, 1080.5909431280193, 167.74725815336734]
[250.58142904365369, 1139.0973403902792, 161.21765835665778]
[250.4392415508603, 1103.6204878528408, 157.90951391058763]
[250.29896619722263, 1059.9100497151082, 151.38143925425098]
[250.40357549771707, 1110.0042941186728, 147.4143423149339]
[250.4173070775406, 1059.2641838001466, 140.7690787978182]
[250.3641992081368, 1103.621617578147, 136.9125345857607]
[250.33262625118687, 1051.161855602905, 129.0089059095045]
[250.3475186091544, 1091.0844647627184, 126.03705435111866]
[250.84754498120625, 1112.2726635094637, 120.37270752571811]
[261.2429057231244, 1116.0717891210693, 120.4582542407984]
[277.0432223741941, 1116.9617982172454, 120.30969896403892]
[-1923.9803217694277, 369.160270777656, 343.13740427016205]
[-399.341475646572, -174.9696258118434, 268.8199433733064]
[-399.48027305847086, -202.41454859230936, 267.0910037507014]
[-399.50443834695784, -234.43722460125133, 265.4494178149559]
[-1923.6698783477323, 204.12326574811254, 285.35796184867684]
[-399.45044508199413, -168.31963986806792, 261.51275588927916]
[-1159.120991362435, 24.631956433189714, 258.99916084696326]
[-1923.9896361128938, 348.68887146676786, 244.16877354541347]
[-399.51131191536, -232.0169606198973, 256.58702387219876]
[-399.4528404998765, -210.05519751482979, 254.80531037904333]
[-399.4048584497151, -193.43778975742953, 252.9804752863552]
[-399.4334624714613, -181.29296260906813, 251.10636989051676]
[-399.437197795144, -172.09176779004315, 249.19078784582396]
[-399.36076307482847, -167.39890306041934, 247.26133241711176]
[-399.47026898450946, -164.6054456377171, 245.30376643078117]
[-399.4289737431584, -166.92411890181128, 243.37965458223638]
[-399.40562119665105, -187.29132334969486, 241.5698200326182]
[-399.54956061552593, -236.8875859052901, 239.36036047823552]
[-399.44020719800903, -180.79928292669155, 237.05208214358083]
[-1158.90815280911, 20.93718710052167, 149.19213647088569]
[-399.4646093993083, -223.1234969455268, 232.4147724761718]
[-399.4262728988382, -192.40200800816163, 229.945525860381]
[-399.4049421578168, -167.3927118416569, 227.01623918911955]
[-1055.3481361072488, 14.083639165548163, 121.32057938314355]
[-399.5080338028965, -226.05772824401535, 222.25675439093027]
[-399.47358084589575, -205.11736637933114, 219.74950170999244]
[-399.4419588198083, -189.83216399943672, 216.9471003235721]
[-399.49752607668756, -175.91664248222276, 213.91537608702964]
[-399.496554856947, -167.37987331664988, 210.82497518357923]
[-399.4554219130011, -161.4079521155873, 207.70344234018913]
[-399.4652013966542, -160.95277406402013, 204.69828334845988]
[-399.47493700215466, -164.6047357465161, 201.80680864091357]
[-399.519215343641, -169.2475696762336, 198.89494687053147]
[-399.44672644654656, -178.8361396501539, 196.0956929406554]
[-399.4686082078914, -192.40062569473912, 193.18708613936002]
[-399.607909370694, -212.28911007265023, 189.90519107883495]
[-399.55395605431613, -239.97435516142477, 185.71874389978768]
[-399.53439993123266, -169.24556375453426, 182.1831561392692]
[-399.5074888586519, -206.20753423908457, 179.49061861010048]
[-399.5936535353263, -248.1738443537248, 174.315762152236]
[-399.5159476536906, -189.31809648833993, 171.87803970352218]
[-399.59467719088286, -239.9813466247353, 167.0804428754504]
[-399.5217735072156, -192.39888976535747, 164.09661651906498]
[-485.6936921540358, -269.50688334456447, 120.48242136322949]
[-399.6343360969089, -208.95650492233983, 155.9096390897099]
[-399.566696177892, -180.78884656571682, 151.09483736138577]
[-399.4242786579863, -160.05533762721691, 145.23159891560616]
[-399.4986322262559, -232.01521666606413, 141.80185576455267]
[-399.48799119301486, -214.5282402030867, 137.8462472059897]
[-399.5561226944175, -206.75540924280565, 133.06446244834632]
[-399.64412305525445, -205.12111606680625, 128.00016595994734]
[-399.6096789606943, -210.61697606202114, 122.76258175371183]
[-392.9020317409177, -232.28153906337556, 120.34350964407594]
[-383.2914883406737, -230.9098442345223, 120.37276317392406]
[-370.8922829809601, -184.02088396487852, 120.30626479182254]
[-1924.561619596653, -815.2691172066361, 333.96785065747974]
[-1299.3692419050162, -654.5423264075682, 268.49872735162376]
[-1299.3541472897466, -685.6438234542736, 265.6860098324114]
[-1299.4708743442025, -718.3968945199075, 263.2221737437583]
[-1299.478596213021, -749.1489445116755, 260.9342936939712]
[-1299.3535884842527, -670.9464259132794, 257.68772130770225]
[-1299.418815286743, -704.0305994505538, 255.06072898413882]
[-1299.5440356666586, -742.7318872383134, 252.52575394952171]
[-1299.3848049018752, -680.1780383928464, 249.3333539529671]
[-1299.4951432388584, -727.938699857961, 246.66657399717255]
[-1299.3937988165355, -672.8014640766886, 243.43878983890764]
[-1299.5147973877558, -728.4967407109017, 240.70596903488206]
[-1299.368862057419, -679.5688570457899, 237.4566980366078]
[-1299.45800476456, -738.3817508130508, 234.51874924072314]
[-1299.5162608622184, -699.9351437509629, 231.3853632872499]
[-1299.3632237058312, -662.1767951919277, 227.69289523691495]
[-1299.467369862935, -732.9119019912293, 224.8683278256744]
[-1299.5026677312753, -701.1090782098728, 221.6634478209295]
[-1299.4933545271201, -670.9280793186581, 217.88119806016678]
[-1299.6016802285878, -747.0412628128668, 214.40438399216654]
[-1299.5412905674107, -728.5001492423072, 211.27351346211458]
[-1299.5215451651943, -714.4189817650142, 207.86193633190715]
[-1299.5180828848945, -702.8651196442778, 204.26009812039177]
[-1299.5490440809858, -694.0234635928643, 200.50478687011795]
[-1299.4481499491903, -690.4478411878263, 196.7144388459592]
[-1299.5489808330672, -691.0418860289959, 192.8608312585072]
[-1299.5484237313833, -694.6177243760877, 189.00699533749196]
[-1299.5257627947099, -696.9881475051714, 185.09189970784746]
[-1299.524354155764, -700.5225018138133, 181.11271731237133]
[-1299.5408462668165, -710.4060034611766, 176.98884392928778]
[-1299.5782224307634, -727.3928370064725, 172.37864352636518]
[-1299.4687323184942, -656.4414249337777, 166.59466216568666]
[-1299.5348626275481, -681.3845863884303, 163.6156794322257]
[-1299.6246211875223, -704.0343461920143, 159.59420258119928]
[-1299.6124259543792, -731.2790294206599, 154.34525927248677]
[-1299.4964416679209, -670.9276740805929, 149.3482957552884]
[-1299.5479026580279, -708.0980043138919, 145.64514012229864]
[-1299.5588451076826, -656.4236998436347, 138.32766968731318]
[-1299.5918130320467, -699.3469055010554, 135.801177322601]
[-1299.5407596075215, -661.5140275041639, 128.58770076187545]
[-1299.673770838825, -725.7311534214158, 124.71952262862747]
[-1297.1238698243612, -714.827532460354, 120.3184448455325]
[-1924.2170601463865, 1265.1038120831527, 246.2925236170753]
[-1924.1779695084272, 1213.455750013859, 166.0431443325439]
[-1398.7214216132882, 1022.9094208111209, 150.9760804576466]
[-1168.5561871720324, 802.8125898283295, 121.41146496875047]
[-419.4604093291083, 859.5803854998843, 269.54743683163423]
[-419.48291289689445, 919.2889458090451, 265.3618143140105]
[-771.4462859253741, 1010.7425141825245, 173.15771958097028]
[-747.7383648493371, 1010.7226505848223, 172.14187168398672]
[-419.5358409943849, 821.8362042833822, 258.36803030954036]
[-419.6093969674754, 822.4082438931594, 255.78991141554613]
[-419.44344626044807, 919.2792579391988, 252.54932974366346]
[-419.52286572914215, 909.9726176308233, 250.45577595986953]
[-419.4625391665483, 895.0355784323923, 248.53029768430093]
[-419.58747195481976, 873.3221769140446, 246.2731535821895]
[-419.51799983344193, 846.4571893590329, 243.06800280092529]
[-419.44174156796544, 916.9700787601624, 238.21639017191612]
[-419.5366687698211, 888.6050041219261, 236.97918222771503]
[-419.59913126835977, 851.4199240545394, 234.0271959515911]
[-419.4658889351863, 904.7324479538473, 229.61855493524706]
[-419.5711112259012, 861.7208253352982, 227.7011981080109]
[-419.53691411209184, 905.2232675080496, 222.70394787221363]
[-419.61651041263383, 852.5151054983302, 220.5276706646544]
[-419.5050271483125, 887.1007508402902, 216.71195469367075]
[-419.5293677288614, 909.9739117425773, 211.1161293746821]
[-419.67534850279367, 840.2754702408812, 208.51609402804652]
[-419.59392366523855, 858.4959038123347, 205.3856875119696]
[-419.6557365227783, 867.562839565694, 201.29355460371443]
[-419.6513939657864, 869.6673025486375, 196.9750568477846]
[-419.63750481199224, 868.6165928513773, 192.5468425894225]
[-419.6267273004022, 858.4940254339097, 187.80800389625088]
[-419.62370256713575, 843.0954154880156, 182.196504250457]
[-419.615617095411, 903.3185345216345, 175.9296975050282]
[-419.58844061575957, 874.3602114382327, 172.86059914854235]
[-419.68998120383725, 838.0087232520029, 165.94107727516317]
[-419.66951325538673, 877.4608902177828, 161.64094132352167]
[-419.67435380863037, 826.498798918248, 152.76095265414475]
[-419.71743425940724, 851.408983468983, 149.2672823691737]
[-419.7369517900162, 864.382776283218, 143.27164372441527]
[-419.6507571299653, 869.6673036029306, 136.58630797209202]
[-419.7111510074169, 862.2501738720871, 129.34378133150898]
[-419.571151502839, 884.085118328921, 120.79113880077136]
[-408.6969351228971, 871.6645907680892, 120.32094773401482]
[-1921.0152180484797, 1559.8018821116352, 174.8749941339808]
[-398.56871446229275, -208.63088841702682, 124.08175345329184]
[551.4802008883814, -662.034922171567, 265.29433901442025]
[573.7409957689252, -655.4282436352285, 265.2821728233131]
